2019/01/13----18:27:13 20 1 15 10 1 8 
2019/01/13----18:39:56 20 1 11 10 1 4 
2019/01/13----18:39:59 20 1 14 10 1 6 
2019/01/13----18:42:14 20 1 14 10 1 4 
2019/01/13----18:43:44 20 1 10 10 1 3 
2019/01/13----18:47:29 20 1 17 10 1 1 
2019/01/13----18:48:28 20 1 20 10 1 2 
2019/01/13----18:48:56 20 1 5 10 1 6 
2019/01/13----18:49:41 20 1 8 10 1 6 
2019/01/13----18:51:48 20 1 3 10 1 7 
2019/01/13----18:52:57 20 1 13 10 1 10 
2019/01/13----18:53:03 20 1 2 10 1 5 
2019/01/13----18:53:12 20 1 10 10 1 10 
2019/01/13----18:53:21 20 1 9 10 1 8 
2019/01/13----18:53:28 20 1 15 10 1 1 
2019/01/13----19:13:48 20 1 14 10 1 7 
2019/01/13----19:14:13 20 1 1 10 1 5 
2019/01/13----19:14:19 20 1 7 10 1 2 
2019/01/13----19:14:28 20 1 5 10 1 9 
2019/01/13----19:14:35 20 1 16 10 1 4 
2019/01/13----19:14:47 20 1 4 10 1 5 
2019/01/13----19:15:33 20 1 9 10 1 7 
2019/01/13----19:17:27 20 1 1 10 1 7 
2019/01/13----19:17:50 20 1 4 10 1 9 
2019/01/13----19:21:54 20 1 15 10 1 5 
2019/01/13----19:22:06 20 1 20 10 1 2 
2019/01/13----19:23:47 20 1 17 10 1 2 
2019/01/13----19:24:19 20 1 15 10 1 1 
2019/01/13----19:24:32 20 1 14 10 1 2 
2019/01/13----19:24:54 20 1 2 10 1 6 
2019/01/13----19:43:03 20 1 12 10 1 9 
2019/01/13----19:43:37 20 1 5 10 1 9 
2019/01/13----19:43:46 20 1 16 10 1 1 
2019/01/13----19:43:56 20 1 7 10 1 2 
2019/01/13----19:44:42 20 1 6 10 1 5 
2019/01/13----19:46:14 20 1 2 10 1 8 
2019/01/13----19:46:23 20 1 7 10 1 9 
2019/01/13----19:46:28 20 1 19 10 1 1 
2019/01/13----19:46:31 20 1 19 10 1 2 
2019/01/13----19:46:52 20 1 15 10 1 10 
2019/01/13----19:47:35 20 1 9 10 1 10 
2019/01/13----19:48:07 20 1 10 10 1 7 
2019/01/13----19:48:26 20 1 14 10 1 9 
2019/01/13----19:48:36 20 1 20 10 1 3 
2019/01/13----20:05:09 2 1 2 3 1 1 3 2 2 2 1 2 3 1 3 3 2 1 
